1 1 2654 1729 5490 3164
1 2 4776 3326 5996 4359
1 3 4912 3380 6211 4303
1 4 3884 1757 5758 3009
1 4 4728 2982 5939 3973
1 5 5607 3340 6446 4400
1 10 2427 1993 4445 3141
1 11 5522 3536 6546 4400
1 12 4136 2129 5775 2918
1 12 4829 3004 5875 3695
2 1 2960 1871 4739 3315
2 2 4869 1482 5592 2038
2 3 5088 1500 5774 2025
2 4 4860 1009 5502 1757
2 5 5432 1491 6193 2279
2 10 2838 114 3589 604
2 10 2706 2807 3525 3414
2 11 5339 1718 6224 2279
2 12 4606 104 5218 350
2 12 4992 1054 5333 1414
3 6 5129 2864 5547 3691
3 8 3152 2188 3902 2509
3 9 4983 1179 5515 1459
4 6 5233 254 5693 1127
4 8 3284 1491 3974 1793
4 9 5147 2504 5756 2832
5 1 298 799 3254 2123
5 1 433 2785 2961 4400
5 2 2234 2549 3589 3341
5 3 2413 2607 3818 3369
5 4 1563 857 3575 1995
5 4 2250 2157 3568 3121
5 5 3025 2416 4032 3564
5 6 4068 2143 5420 3041
5 7 4717 116 6555 1459
5 8 5139 11 6037 1257
5 10 36 914 2018 2150
5 10 115 3550 1739 4400
5 11 3239 2829 4089 3488
5 12 1781 1200 3575 1943
5 12 2359 2000 3689 2793
6 7 5742 2748 6558 3718
6 8 5415 2556 6299 3532
7 7 4867 2965 5305 3531
7 8 4661 2813 5101 3395
8 5 4701 1971 5600 3930
8 6 5647 2027 6600 3410
9 8 0 14 768 1086
9 9 917 2086 1596 2910
10 1 1139 1164 3310 2128
10 1 1048 2564 3046 4164
10 2 2538 2396 3514 3014
10 3 2700 2479 3661 3021
10 4 2017 1207 3482 2032
10 4 2526 2114 3489 2829
10 5 3197 2443 3796 3186
10 6 3961 2282 6006 2804
10 7 4240 895 5642 1714
10 8 4575 782 5246 1614
10 9 4456 2110 6204 2702
10 10 945 1221 2389 2093
10 10 872 3114 2175 4160
10 11 3239 2616 3844 3129
10 12 2195 1464 3475 2000
10 12 2610 2071 3489 2621
11 5 936 1864 1574 2882
11 6 15 1829 832 2873
11 11 847 1993 1579 2707
12 1 1917 1775 3710 2832
12 2 1097 3634 1962 4264
12 3 879 3693 1726 4268
12 4 1630 1861 2374 2668
12 4 1124 3034 1986 3984
12 5 312 3625 957 4400
12 10 3203 2134 3997 2768
12 12 1617 2143 2193 2593
12 12 1324 3043 1868 3641
13 1 2258 1602 3915 3003
13 2 1330 3153 2200 3861
13 3 1144 3215 2000 3828
13 4 1986 1675 2908 2713
13 4 1385 2695 2237 3600
13 5 831 3175 1337 4007
13 10 3124 1925 4087 2860
13 12 2004 1925 2746 2647
13 12 1550 2673 2169 3329
14 1 4465 591 5952 1405
14 1 4729 2868 6288 4270
14 2 3570 2323 4343 2947
14 3 3393 2423 4143 2933
14 4 4165 664 4602 1354
14 4 3620 1950 4293 2675
14 5 3088 2391 3451 3084
14 6 1506 2095 2079 2554
14 7 1243 177 1711 951
14 10 5543 791 6270 1395
14 10 5833 3673 6600 4307
14 12 4183 954 4433 1282
14 12 3738 1973 4179 2301
15 1 4129 1507 5633 2438
15 1 4306 3063 5845 4400
15 2 3493 2843 4223 3402
15 3 3346 2916 4056 3379
15 4 3879 1588 4709 2344
15 4 3529 2411 4231 3184
15 5 3120 2911 3488 3550
15 6 1947 2720 2620 3161
15 7 1870 1311 2467 2104
15 8 1611 1157 2088 1875
15 9 662 2557 1041 3029
15 10 4897 1661 5805 2324
15 10 5093 3716 6019 4400
15 12 3947 1784 4558 2314
15 12 3606 2452 4152 2977
16 1 1933 2559 3676 3760
16 4 1655 2665 2582 3545
16 4 1028 3769 1918 4400
16 10 2868 2837 3867 3662
16 12 1687 2913 2462 3462
16 12 1149 3786 1798 4217
17 6 4351 3986 4943 4400
17 7 4895 2865 5457 3494
17 8 4644 2715 5238 3351
18 6 5089 3886 5732 4400
18 7 5732 2532 6360 3464
18 8 5454 2304 6010 3327
19 1 2304 1700 5511 3765
19 2 4483 3257 6457 4400
19 3 4723 3341 6600 4400
19 4 3589 1721 5745 3456
19 4 4439 3043 6068 4400
19 10 2061 1921 4445 3679
19 12 3775 2086 5834 3407
19 12 4532 3079 6033 4114
20 1 2689 1701 4991 2911
20 2 4724 2863 6037 3736
20 3 4913 2933 6239 3699
20 4 3703 1785 5300 2772
20 4 4428 2739 5753 3747
20 10 2503 1947 3968 2904
20 12 3868 2002 5265 2692
20 12 4541 2731 5583 3424
21 6 5042 71 5768 3586
21 7 3183 607 4304 2805
21 8 2970 1186 4113 2321
21 9 4908 864 5892 3396
22 5 293 2429 1023 3354
22 6 5911 2200 6599 2664
22 7 5418 761 6214 1595
22 8 5125 720 5823 1482
22 9 4182 1557 5042 2768
22 11 388 2605 1039 3314
23 6 329 2614 696 2957
23 7 788 1325 1289 1829
23 8 1147 1238 1604 1729
23 9 1842 2757 2154 3157
24 1 747 721 3261 1691
24 1 415 2800 2990 4400
24 2 3056 2291 4033 2988
24 3 3297 2407 4325 2981
24 4 2060 843 3525 1652
24 4 2795 2114 3732 2966
24 7 5562 486 6354 1304
24 8 6074 229 6600 1077
24 9 5220 2341 5667 2835
24 10 510 850 2039 1656
24 10 142 3500 1818 4400
24 12 2265 1136 3575 1602
24 12 2897 2100 3682 2575
25 1 4430 523 6015 1527
25 1 4581 2868 6413 4400
25 2 2870 2057 3638 2677
25 3 2642 2179 3458 2702
25 4 4163 721 4652 1441
25 4 3406 1909 3938 2759
25 7 477 27 1097 891
25 8 127 1 592 704
25 9 1065 2061 1458 2547
25 10 5633 870 6274 1459
25 10 5974 3750 6597 4359
25 12 4140 998 4474 1359
25 12 3481 1950 3833 2352
26 5 339 3447 1097 4400
26 11 249 3683 1087 4389
27 5 845 1723 1411 2709
27 11 782 1807 1433 2592
28 5 5704 1320 6218 2393
28 11 5694 1488 6261 2271
29 5 2418 3632 3060 4356
29 5 5539 3604 6323 4400
29 6 764 3573 2273 4308
29 7 48 2448 1836 3688
29 8 317 2229 2070 3504
29 9 664 3678 1964 4397
29 11 2381 3820 2971 4330
29 11 5480 3876 6346 4370
30 5 2476 3424 2916 3939
30 6 1711 3313 2087 3702
30 7 1126 2119 1590 2660
30 8 1389 1989 1851 2571
30 11 2444 3588 2905 3876
31 1 1158 1122 3282 2118
31 1 1099 2593 3068 4155
31 2 2862 2272 3814 2956
31 3 3032 2343 3996 2938
31 4 2066 1207 3461 2100
31 4 2616 2121 3611 3007
31 6 5917 2186 6574 2657
31 7 4739 975 5418 1621
31 8 5099 832 5696 1479
31 9 4567 2304 4979 2741
31 10 986 1186 2382 2121
31 10 890 3086 2218 4143
31 12 2219 1407 3482 2029
31 12 2682 2129 3596 2714
32 1 4110 1591 5622 2436
32 1 4306 3259 5838 4400
32 2 3006 2623 3869 3288
32 3 2856 2714 3729 3300
32 4 3895 1663 4690 2323
32 4 3310 2518 4119 3195
32 6 79 2593 743 2995
32 7 1379 1341 1959 1995
32 8 1142 1198 1581 1800
32 9 1806 2723 2163 3186
32 10 4947 1695 5814 2354
32 10 5143 3809 6019 4400
32 12 3914 1870 4554 2275
32 12 3402 2536 4024 2988
33 5 2000 2796 5246 4400
33 6 131 3548 1537 4182
33 7 453 2411 960 3109
33 8 788 2139 1196 2923
34 1 2133 1557 3903 3197
34 2 615 943 1625 1493
34 3 379 1005 1432 1529
34 4 979 786 1904 1555
34 10 3310 1903 4174 3236
34 12 1129 798 1811 1478
35 9 5322 2207 5723 2679
36 5 533 3752 1096 4400
37 5 480 1288 996 2157
38 5 5689 3383 6105 4060
39 5 935 3259 1323 4011
40 5 4788 940 5348 2212
41 8 38 2847 524 3593
42 5 5564 3279 6160 4028
42 6 372 3477 929 4192
42 7 484 2240 1309 3155
42 8 886 2096 1502 2987
42 9 1358 3317 1844 4087
43 1 4035 516 5997 1486
43 1 4262 2741 6380 4400
43 2 3532 2377 4524 3120
43 3 3318 2382 4260 3111
43 4 3790 636 4715 1452
43 4 3579 1900 4429 2811
43 5 3065 2366 3456 3375
43 6 1329 2060 2270 2834
43 7 1204 154 1851 1170
43 8 889 2 1356 911
43 10 5312 723 6280 1429
43 10 5563 3695 6600 4357
43 12 3771 932 4560 1457
43 12 3732 1904 4329 2484
44 1 2373 1 5025 1182
44 1 2451 1704 4818 4064
44 2 4898 982 6401 2102
44 3 5138 1082 6600 2073
44 4 3625 1 5325 909
44 4 4539 859 5920 2093
44 10 2142 123 3639 1145
44 10 2223 2871 3661 3886
44 12 3878 114 5325 832
44 12 4675 995 5790 1743
45 1 377 1107 2193 2150
45 2 2712 2568 3724 3326
45 3 2919 2659 3920 3276
45 4 1622 1188 2538 2059
45 4 2379 2423 3302 3293
45 7 5354 591 6161 1429
45 8 5940 353 6538 1186
45 9 5167 2525 5620 3004
45 10 113 1311 1124 2193
45 12 1813 1511 2520 1979
45 12 2496 2420 3161 2936
46 5 2479 3632 2944 4335
46 6 1607 3573 2128 4106
46 7 1090 2448 1692 3135
46 8 1275 2229 1915 2982
46 9 664 3678 1104 4169
46 11 2452 3820 2971 4282
47 1 1860 1871 3734 3343
47 2 320 888 1106 1702
47 3 38 979 946 1723
47 4 689 829 1611 1675
47 10 3025 1 3947 564
47 10 3132 2614 3962 3423
47 12 1339 4 2206 325
47 12 857 870 1539 1300
48 1 2495 1 4616 1114
48 1 2572 1832 4658 3995
48 2 4607 1564 5696 2232
48 3 4822 1568 5932 2205
48 4 3777 1 4852 929
48 4 4531 1100 5661 1979
48 5 5718 1554 6243 2337
48 10 2290 147 3438 1136
48 10 2339 2960 3379 3900
48 11 5725 1742 6243 2262
48 12 3989 164 4834 873
48 12 4679 1145 5502 1664
49 1 3979 904 5714 1638
49 1 4188 2973 6066 4360
49 2 3394 2650 4151 3165
49 3 3226 2732 3910 3152
49 4 3683 995 4405 1593
49 4 3457 2236 4080 2906
49 5 2839 2736 3292 3384
49 6 1317 2454 1776 2941
49 7 1085 550 1642 1316
49 10 5165 1100 5971 1564
49 10 5479 3920 6380 4397
49 11 2862 2954 3283 3329
49 12 3697 1295 4242 1552
49 12 3598 2277 3973 2543
50 1 2211 1514 3756 3266
50 2 1229 1188 2143 1825
50 3 970 1236 1909 1811
50 4 1224 575 1968 1534
50 5 502 1197 1661 2100
50 10 3379 2357 4051 3275
50 12 1388 647 1854 1147
51 5 1403 1371 6180 4400
51 8 0 2527 607 3566
52 1 4465 524 5964 1470
52 1 4642 2871 6261 4202
52 2 2947 2023 3653 2647
52 3 2679 2132 3453 2615
52 4 4160 647 4715 1342
52 4 3279 1827 3976 2623
52 7 534 84 1124 829
52 9 1193 2083 1433 2468
52 10 5620 751 6238 1416
52 10 5920 3677 6600 4288
52 12 4165 924 4497 1238
52 12 3447 1832 3879 2241
53 1 3296 800 4810 1493
53 1 3625 2843 5175 3971
53 2 2275 2321 3018 2800
53 3 2004 2400 2846 2886
53 4 3032 836 3432 1514
53 4 2839 2143 3289 2864
53 7 182 479 754 1557
53 9 846 2400 1196 2764
53 10 4561 929 5046 1443
53 10 4861 3593 5439 4057
53 12 2968 1171 3304 1500
53 12 2882 2150 3182 2521
54 5 4661 2329 5138 3043
54 6 5636 2347 6106 2829
54 8 6033 925 6579 1534
54 11 4629 2638 5138 3011
55 1 2201 1877 3697 3436
55 2 327 795 1156 1491
55 3 77 850 938 1484
55 4 752 636 1497 1509
55 10 3370 1 3952 442
55 10 3379 2795 3961 3270
55 12 944 667 1393 1054
56 1 795 1050 2472 1844
56 1 354 3291 2257 4400
56 2 3320 2432 3952 3019
56 3 3463 2542 4138 3009
56 4 2122 1133 2745 1782
56 4 2902 2233 3524 2995
56 7 5654 623 6272 1359
56 8 6204 383 6556 1100
56 9 5331 2433 5706 2900
56 10 513 1247 1293 1773
56 12 2272 1418 2767 1700
56 12 3038 2279 3469 2614
57 1 2202 1915 3637 3509
57 2 1020 1324 1877 1859
57 3 820 1374 1567 1822
57 4 1052 892 1863 1650
57 5 484 1333 884 2009
57 10 3261 38 3870 536
57 10 3243 2886 3893 3377
57 12 1833 1 2113 254
57 12 1256 900 1699 1273
58 1 2646 1 4303 1082
58 1 2592 2241 4217 3850
58 2 1360 1474 2081 2068
58 3 1146 1534 1858 2059
58 4 2265 29 3018 777
58 4 1495 1104 2204 1743
58 5 442 1407 1006 2218
58 10 3801 259 4546 954
58 10 3751 3177 4411 3841
58 12 2279 209 2789 700
58 12 1622 1125 2046 1464
59 5 4734 2350 5197 3034
59 6 5738 2377 6122 2836
59 8 6061 968 6538 1582
