1 1 2654 1729 5490 3164
1 2 4893 3464 5996 4359
1 3 5134 3543 6211 4303
1 4 3884 1757 5758 3009
1 4 4845 3071 5939 3973
1 5 5776 3521 6446 4400
1 10 2427 1993 4445 3141
1 11 5776 3807 6546 4400
1 12 4136 2129 5775 2918
1 12 4977 3093 5875 3695
2 1 3173 1867 4880 2885
2 2 4776 3326 5509 3867
2 3 4912 3380 5660 3859
2 4 4112 1911 5135 2771
2 4 4728 2982 5475 3592
2 5 5607 3340 5985 4015
2 10 3012 2103 3910 2906
2 11 5588 3536 6007 3925
2 12 4314 2149 5112 2723
2 12 4829 3004 5332 3380
3 1 1235 2029 2426 2580
3 2 972 3593 1424 3957
3 3 838 3667 1212 3985
3 4 1028 2085 1368 2615
3 4 972 3223 1375 3788
3 5 669 3660 980 4260
3 10 2279 2228 2638 2650
3 11 584 3837 1078 4184
3 12 1008 2375 1277 2587
3 12 980 3230 1290 3513
4 1 2960 1871 4739 3315
4 2 4869 1482 5592 2038
4 3 5088 1500 5774 2025
4 4 4860 1009 5502 1757
4 5 5432 1491 6193 2279
4 10 2838 114 3589 604
4 10 2706 2807 3525 3414
4 11 5339 1718 6224 2279
4 12 4606 104 5218 350
4 12 4992 1054 5333 1414
5 6 5129 2864 5547 3691
5 8 3152 2188 3902 2509
5 9 4983 1179 5515 1459
6 6 5233 254 5693 1127
6 8 3284 1491 3974 1793
6 9 5147 2504 5756 2832
7 1 765 799 3254 1643
7 1 433 2785 2961 4400
7 2 2270 2549 3589 3266
7 3 2483 2607 3818 3252
7 4 2033 857 3575 1609
7 4 2333 2157 3568 3007
7 5 3329 2636 4032 3461
7 6 4492 2371 5420 2984
7 7 4922 454 5661 1347
7 8 5440 277 5989 1109
7 10 529 914 2018 1629
7 10 115 3550 1739 4400
7 11 3274 2836 4089 3397
7 12 2206 1200 3575 1597
7 12 2433 2000 3689 2657
8 7 5742 2748 6558 3718
8 8 5415 2556 6299 3532
9 7 4867 2965 5305 3531
9 8 4661 2813 5101 3395
10 5 4701 1971 5600 3930
10 6 5647 2027 6600 3410
11 8 0 14 768 1086
11 9 917 2086 1596 2910
12 1 1139 1164 3310 2128
12 1 1048 2564 3046 4164
12 2 2538 2396 3514 3014
12 3 2700 2479 3661 3021
12 4 2017 1207 3482 2032
12 4 2526 2114 3489 2829
12 5 3279 2443 3796 3136
12 6 4113 2329 4770 2752
12 7 4240 982 4946 1671
12 8 4575 782 5218 1500
12 9 5627 2110 6204 2624
12 10 945 1221 2389 2093
12 10 872 3114 2175 4160
12 11 3239 2629 3844 3079
12 12 2195 1464 3475 2000
12 12 2610 2071 3489 2621
13 5 936 1864 1574 2882
13 6 15 1829 832 2873
13 11 847 1993 1579 2707
14 1 1917 1775 3710 2832
14 2 1097 3634 1962 4264
14 3 879 3693 1726 4268
14 4 1630 1861 2374 2668
14 4 1124 3034 1986 3984
14 5 312 3625 957 4400
14 10 3203 2134 3997 2768
14 12 1617 2143 2193 2593
14 12 1324 3043 1868 3641
15 1 2258 1602 3915 3003
15 2 1330 3153 2200 3861
15 3 1144 3215 2000 3828
15 4 1986 1675 2908 2713
15 4 1385 2695 2237 3600
15 5 831 3175 1337 4007
15 10 3124 1925 4087 2860
15 12 2004 1925 2746 2647
15 12 1550 2673 2169 3329
16 1 4465 591 5952 1405
16 1 4729 2868 6288 4270
16 2 3570 2323 4343 2947
16 3 3393 2423 4143 2933
16 4 4165 664 4602 1354
16 4 3620 1950 4293 2675
16 5 3088 2391 3451 3084
16 6 1506 2095 2079 2554
16 7 1243 177 1711 951
16 10 5543 791 6270 1395
16 10 5833 3673 6600 4307
16 12 4183 954 4433 1282
16 12 3738 1973 4179 2301
17 1 4129 1507 5633 2438
17 1 4306 3063 5845 4400
17 2 3493 2843 4223 3402
17 3 3346 2916 4056 3379
17 4 3879 1588 4709 2344
17 4 3529 2411 4231 3184
17 5 3120 2911 3488 3550
17 6 1947 2720 2620 3161
17 7 1870 1311 2467 2104
17 8 1611 1157 2088 1875
17 9 662 2557 1041 3029
17 10 4897 1661 5805 2324
17 10 5093 3716 6019 4400
17 12 3947 1784 4558 2314
17 12 3606 2452 4152 2977
18 1 1933 2559 3676 3760
18 4 1655 2665 2582 3545
18 4 1028 3769 1918 4400
18 10 2868 2837 3867 3662
18 12 1687 2913 2462 3462
18 12 1149 3786 1798 4217
19 6 4351 3986 4943 4400
19 7 4895 2865 5457 3494
19 8 4644 2715 5238 3351
20 6 5089 3886 5732 4400
20 7 5732 2532 6360 3464
20 8 5454 2304 6010 3327
21 1 2304 1700 5511 3765
21 2 4483 3257 6457 4400
21 3 4723 3341 6600 4400
21 4 3589 1721 5745 3456
21 4 4439 3043 6068 4400
21 10 2061 1921 4445 3679
21 12 3775 2086 5834 3407
21 12 4532 3079 6033 4114
22 1 2689 1701 4991 2911
22 2 4724 2863 6037 3736
22 3 4913 2933 6239 3699
22 4 3703 1785 5300 2772
22 4 4428 2739 5753 3747
22 10 2503 1947 3968 2904
22 12 3868 2002 5265 2692
22 12 4541 2731 5583 3424
23 6 5042 71 5768 3586
23 7 3183 607 4304 2805
23 8 2970 1186 4113 2321
23 9 4908 864 5892 3396
24 6 5948 2200 6564 2660
24 7 5418 886 6214 1527
24 8 5125 745 5823 1409
24 9 4182 1557 5042 2732
25 6 329 2614 696 2957
25 7 788 1325 1289 1829
25 8 1147 1238 1604 1729
25 9 1842 2757 2154 3157
26 1 747 721 3261 1691
26 1 415 2800 2990 4400
26 2 3056 2291 4033 2988
26 3 3297 2407 4325 2981
26 4 2060 843 3525 1652
26 4 2795 2114 3732 2966
26 7 5562 486 6354 1304
26 8 6074 229 6600 1077
26 9 5220 2341 5667 2835
26 10 510 850 2039 1656
26 10 142 3500 1818 4400
26 12 2265 1136 3575 1602
26 12 2897 2100 3682 2575
27 1 4430 523 6015 1527
27 1 4581 2868 6413 4400
27 2 2870 2057 3638 2677
27 3 2642 2179 3458 2702
27 4 4163 721 4652 1441
27 4 3406 1909 3938 2759
27 7 477 27 1097 891
27 8 127 1 592 704
27 9 1065 2061 1458 2547
27 10 5633 870 6274 1459
27 10 5974 3750 6597 4359
27 12 4140 998 4474 1359
27 12 3481 1950 3833 2352
28 5 339 3447 1097 4400
28 11 249 3683 1087 4389
29 5 845 1723 1411 2709
29 11 782 1807 1433 2592
30 5 5704 1320 6218 2393
30 11 5694 1488 6261 2271
31 5 2745 2569 3268 3564
31 6 1233 2369 2463 3041
31 7 45 395 840 1393
31 8 563 323 1268 1257
31 11 2690 2829 3332 3488
32 5 2418 3758 2984 4341
32 6 1641 3730 2163 4084
32 7 1031 2535 1726 3108
32 8 1252 2378 1932 3027
32 11 2381 3929 2953 4330
33 5 2476 3424 2916 3939
33 6 1711 3313 2087 3702
33 7 1126 2119 1590 2660
33 8 1389 1989 1851 2571
33 11 2444 3588 2905 3876
34 5 330 3639 1003 4308
34 6 5381 3845 5836 4308
34 7 5035 2698 5500 3223
34 8 4823 2544 5302 3142
34 11 340 3876 1036 4227
35 1 1158 1236 3003 2118
35 1 1099 2655 2821 4155
35 2 2862 2304 3782 2956
35 3 3032 2382 3901 2938
35 4 2066 1327 3232 2100
35 4 2616 2145 3565 3007
35 6 5917 2186 6574 2657
35 7 4739 975 5294 1621
35 8 5099 832 5546 1479
35 9 4567 2304 4979 2741
35 10 986 1360 2118 2121
35 10 890 3293 1917 4143
35 12 2219 1514 3246 2029
35 12 2682 2168 3456 2714
36 1 4110 1591 5622 2436
36 1 4306 3259 5838 4400
36 2 3006 2623 3869 3288
36 3 2856 2714 3729 3300
36 4 3895 1663 4690 2323
36 4 3310 2518 4119 3195
36 6 79 2593 743 2995
36 7 1379 1341 1959 1995
36 8 1142 1198 1581 1800
36 9 1806 2723 2163 3186
36 10 4947 1695 5814 2354
36 10 5143 3809 6019 4400
36 12 3914 1870 4554 2275
36 12 3402 2536 4024 2988
37 1 3318 1122 4525 1678
37 1 3532 2593 4797 3507
37 2 2786 2272 3184 2691
37 3 2604 2343 3032 2714
37 4 3139 1207 3496 1786
37 4 2989 2121 3346 2650
37 6 111 2286 439 2607
37 7 1182 1086 1504 1557
37 8 904 879 1189 1407
37 9 1654 2364 1861 2700
37 10 4218 1186 4746 1686
37 10 4382 3086 4975 3550
37 12 3118 1407 3432 1729
37 12 3004 2129 3268 2436
38 5 3025 2416 3763 3440
38 6 4068 2143 5265 2895
38 7 5546 116 6540 1293
38 8 5139 11 5999 1121
39 5 2000 2796 5246 4400
39 6 131 3548 1537 4182
39 7 453 2411 960 3109
39 8 788 2139 1196 2923
40 5 3540 3796 4122 4356
40 6 4327 3725 4797 4147
40 7 4764 2590 5329 3142
40 8 4530 2452 5110 3028
41 1 2133 1557 3903 3197
41 2 615 943 1625 1493
41 3 379 1005 1432 1529
41 4 979 786 1904 1555
41 10 3310 1903 4174 3236
41 12 1129 798 1811 1478
42 5 277 3604 1053 4400
42 7 5139 2617 6552 3688
42 8 4895 2481 6283 3504
42 11 254 3879 1093 4370
43 9 5322 2207 5723 2679
44 5 533 3752 1096 4400
45 5 480 1288 996 2157
46 5 5689 3383 6105 4060
47 5 935 3259 1323 4011
48 5 4788 940 5348 2212
49 8 38 2847 524 3593
50 5 5564 3279 6160 4028
50 6 372 3477 929 4192
50 7 484 2240 1309 3155
50 8 886 2096 1502 2987
50 9 1358 3317 1844 4087
51 5 5577 2500 6307 3300
51 6 1 2209 540 2645
51 7 412 863 1087 1573
51 8 895 759 1371 1473
51 9 1586 2277 1994 2738
52 5 3197 2536 3630 3160
52 6 4061 2411 4674 2804
52 7 4990 979 5545 1641
52 8 4701 823 5175 1531
52 9 5706 2277 6067 2690
53 1 4035 516 5997 1486
53 1 4262 2741 6380 4400
53 2 3532 2377 4524 3120
53 3 3318 2382 4260 3111
53 4 3790 636 4715 1452
53 4 3579 1900 4429 2811
53 5 3065 2366 3456 3375
53 6 1329 2060 2270 2834
53 7 1204 154 1851 1170
53 8 889 2 1356 911
53 10 5312 723 6280 1429
53 10 5563 3695 6600 4357
53 12 3771 932 4560 1457
53 12 3732 1904 4329 2484
54 5 739 3752 1061 4324
54 7 5151 3015 5615 3490
54 8 4959 2860 5390 3297
54 9 4636 4035 5037 4397
54 11 704 3943 1120 4294
55 1 2373 1 5025 1182
55 1 2451 1704 4818 4064
55 2 4898 982 6401 2102
55 3 5138 1082 6600 2073
55 4 3625 1 5325 909
55 4 4539 859 5920 2093
55 10 2142 123 3639 1145
55 10 2223 2871 3661 3886
55 12 3878 114 5325 832
55 12 4675 995 5790 1743
56 1 377 1107 2193 2150
56 2 2712 2568 3724 3326
56 3 2919 2659 3920 3276
56 4 1622 1188 2538 2059
56 4 2379 2423 3302 3293
56 7 5354 591 6161 1429
56 8 5940 353 6538 1186
56 9 5167 2525 5620 3004
56 10 113 1311 1124 2193
56 12 1813 1511 2520 1979
56 12 2496 2420 3161 2936
57 5 2904 2467 3294 3186
57 6 594 2282 2639 2804
57 7 958 895 1618 1714
57 8 1354 850 1954 1614
57 9 478 2245 2144 2702
57 11 2898 2616 3320 3129
58 5 5597 2429 6126 3354
58 6 1 2238 689 2664
58 7 403 761 1128 1595
58 8 822 720 1390 1482
58 9 1642 2240 2025 2768
58 11 5561 2605 6212 3314
59 5 2479 3632 2944 4335
59 6 1607 3573 2128 4106
59 7 1090 2448 1692 3135
59 8 1275 2229 1915 2982
59 9 664 3678 1104 4169
59 11 2452 3820 2971 4282
60 1 1860 1871 3734 3343
60 2 320 888 1106 1702
60 3 38 979 946 1723
60 4 689 829 1611 1675
60 10 3025 1 3947 564
60 10 3132 2614 3962 3423
60 12 1339 4 2206 325
60 12 857 870 1539 1300
61 1 2495 1 4616 1114
61 1 2572 1832 4658 3995
61 2 4607 1564 5696 2232
61 3 4822 1568 5932 2205
61 4 3777 1 4852 929
61 4 4531 1100 5661 1979
61 5 5718 1554 6243 2337
61 10 2290 147 3438 1136
61 10 2339 2960 3379 3900
61 11 5725 1742 6243 2262
61 12 3989 164 4834 873
61 12 4679 1145 5502 1664
62 1 3979 904 5714 1638
62 1 4188 2973 6066 4360
62 2 3394 2650 4151 3165
62 3 3226 2732 3910 3152
62 4 3683 995 4405 1593
62 4 3457 2236 4080 2906
62 5 2839 2736 3292 3384
62 6 1317 2454 1776 2941
62 7 1085 550 1642 1316
62 10 5165 1100 5971 1564
62 10 5479 3920 6380 4397
62 11 2862 2954 3283 3329
62 12 3697 1295 4242 1552
62 12 3598 2277 3973 2543
63 1 2211 1514 3756 3266
63 2 1229 1188 2143 1825
63 3 970 1236 1909 1811
63 4 1224 575 1968 1534
63 5 502 1197 1661 2100
63 10 3379 2357 4051 3275
63 12 1388 647 1854 1147
64 5 1403 1371 6180 4400
64 8 0 2527 607 3566
65 1 4465 524 5964 1470
65 1 4642 2871 6261 4202
65 2 2947 2023 3653 2647
65 3 2679 2132 3453 2615
65 4 4160 647 4715 1342
65 4 3279 1827 3976 2623
65 7 534 84 1124 829
65 9 1193 2083 1433 2468
65 10 5620 751 6238 1416
65 10 5920 3677 6600 4288
65 12 4165 924 4497 1238
65 12 3447 1832 3879 2241
66 1 3296 800 4810 1493
66 1 3625 2843 5175 3971
66 2 2275 2321 3018 2800
66 3 2004 2400 2846 2886
66 4 3032 836 3432 1514
66 4 2839 2143 3289 2864
66 7 182 479 754 1557
66 9 846 2400 1196 2764
66 10 4561 929 5046 1443
66 10 4861 3593 5439 4057
66 12 2968 1171 3304 1500
66 12 2882 2150 3182 2521
67 5 4661 2329 5138 3043
67 6 5636 2347 6106 2829
67 8 6033 925 6579 1534
67 11 4629 2638 5138 3011
68 1 2201 1877 3697 3436
68 2 327 795 1156 1491
68 3 77 850 938 1484
68 4 752 636 1497 1509
68 10 3370 1 3952 442
68 10 3379 2795 3961 3270
68 12 944 667 1393 1054
69 1 795 1050 2472 1844
69 1 354 3291 2257 4400
69 2 3320 2432 3952 3019
69 3 3463 2542 4138 3009
69 4 2122 1133 2745 1782
69 4 2902 2233 3524 2995
69 7 5654 623 6272 1359
69 8 6204 383 6556 1100
69 9 5331 2433 5706 2900
69 10 513 1247 1293 1773
69 12 2272 1418 2767 1700
69 12 3038 2279 3469 2614
70 1 298 1134 1901 2123
70 2 2234 2818 3054 3341
70 3 2413 2800 3252 3369
70 4 1563 1311 2182 1995
70 4 2250 2373 2972 3121
70 5 3272 2832 3675 3514
70 6 4504 2475 5024 2954
70 7 4717 604 5374 1459
70 8 5167 391 5692 1182
70 10 36 1470 677 2150
70 11 3239 3018 3692 3453
70 12 1781 1597 2204 1943
70 12 2359 2373 2833 2793
71 1 2202 1915 3637 3509
71 2 1020 1324 1877 1859
71 3 820 1374 1567 1822
71 4 1052 892 1863 1650
71 5 484 1333 884 2009
71 10 3261 38 3870 536
71 10 3243 2886 3893 3377
71 12 1833 1 2113 254
71 12 1256 900 1699 1273
72 1 2646 1 4303 1082
72 1 2592 2241 4217 3850
72 2 1360 1474 2081 2068
72 3 1146 1534 1858 2059
72 4 2265 29 3018 777
72 4 1495 1104 2204 1743
72 5 442 1407 1006 2218
72 10 3801 259 4546 954
72 10 3751 3177 4411 3841
72 12 2279 209 2789 700
72 12 1622 1125 2046 1464
73 5 4734 2350 5197 3034
73 6 5738 2377 6122 2836
73 8 6061 968 6538 1582
