1 1 2654 1729 5490 3164
1 2 4893 3464 5996 4359
1 3 5134 3543 6211 4303
1 4 3884 1757 5758 3009
1 4 4845 3071 5939 3973
1 5 5776 3521 6446 4400
1 10 2427 1993 4445 3141
1 11 5776 3807 6546 4400
1 12 4136 2129 5775 2918
1 12 4977 3093 5875 3695
2 1 3173 1867 4880 2885
2 2 4776 3326 5509 3867
2 3 4912 3380 5660 3859
2 4 4112 1911 5135 2771
2 4 4728 2982 5475 3592
2 5 5607 3340 5985 4015
2 10 3012 2103 3910 2906
2 11 5588 3536 6007 3925
2 12 4314 2149 5112 2723
2 12 4829 3004 5332 3380
3 1 2960 1871 4739 3315
3 2 4869 1482 5592 2038
3 3 5088 1500 5774 2025
3 4 4860 1009 5502 1757
3 5 5432 1491 6193 2279
3 10 2838 114 3589 604
3 10 2706 2807 3525 3414
3 11 5339 1718 6224 2279
3 12 4606 104 5218 350
3 12 4992 1054 5333 1414
4 1 765 799 3254 1643
4 1 433 2785 2961 4400
4 2 2270 2549 3589 3266
4 3 2483 2607 3818 3252
4 4 2033 857 3575 1609
4 4 2333 2157 3568 3007
4 5 3329 2636 4032 3461
4 6 4492 2371 5420 2984
4 7 4922 454 5661 1347
4 8 5440 277 5989 1109
4 10 529 914 2018 1629
4 10 115 3550 1739 4400
4 11 3274 2836 4089 3397
4 12 2206 1200 3575 1597
4 12 2433 2000 3689 2657
5 7 5742 2748 6558 3718
5 8 5415 2556 6299 3532
6 7 4867 2965 5305 3531
6 8 4661 2813 5101 3395
7 5 4701 1971 5600 3930
7 6 5647 2027 6600 3410
8 8 0 14 768 1086
8 9 917 2086 1596 2910
9 1 1139 1164 3310 2128
9 1 1048 2564 3046 4164
9 2 2538 2396 3514 3014
9 3 2700 2479 3661 3021
9 4 2017 1207 3482 2032
9 4 2526 2114 3489 2829
9 5 3279 2443 3796 3136
9 6 4113 2329 4770 2752
9 7 4240 982 4946 1671
9 8 4575 782 5218 1500
9 9 5627 2110 6204 2624
9 10 945 1221 2389 2093
9 10 872 3114 2175 4160
9 11 3239 2629 3844 3079
9 12 2195 1464 3475 2000
9 12 2610 2071 3489 2621
10 5 936 1864 1574 2882
10 6 15 1829 832 2873
10 11 847 1993 1579 2707
11 1 1917 1775 3710 2832
11 2 1097 3634 1962 4264
11 3 879 3693 1726 4268
11 4 1630 1861 2374 2668
11 4 1124 3034 1986 3984
11 5 312 3625 957 4400
11 10 3203 2134 3997 2768
11 12 1617 2143 2193 2593
11 12 1324 3043 1868 3641
12 1 2258 1602 3915 3003
12 2 1330 3153 2200 3861
12 3 1144 3215 2000 3828
12 4 1986 1675 2908 2713
12 4 1385 2695 2237 3600
12 5 831 3175 1337 4007
12 10 3124 1925 4087 2860
12 12 2004 1925 2746 2647
12 12 1550 2673 2169 3329
13 1 4129 1507 5633 2438
13 1 4306 3063 5845 4400
13 2 3493 2843 4223 3402
13 3 3346 2916 4056 3379
13 4 3879 1588 4709 2344
13 4 3529 2411 4231 3184
13 5 3120 2911 3488 3550
13 6 1947 2720 2620 3161
13 7 1870 1311 2467 2104
13 8 1611 1157 2088 1875
13 9 662 2557 1041 3029
13 10 4897 1661 5805 2324
13 10 5093 3716 6019 4400
13 12 3947 1784 4558 2314
13 12 3606 2452 4152 2977
14 1 1933 2559 3676 3760
14 4 1655 2665 2582 3545
14 4 1028 3769 1918 4400
14 10 2868 2837 3867 3662
14 12 1687 2913 2462 3462
14 12 1149 3786 1798 4217
15 6 4351 3986 4943 4400
15 7 4895 2865 5457 3494
15 8 4644 2715 5238 3351
16 6 5089 3886 5732 4400
16 7 5732 2532 6360 3464
16 8 5454 2304 6010 3327
17 1 2304 1700 5511 3765
17 2 4483 3257 6457 4400
17 3 4723 3341 6600 4400
17 4 3589 1721 5745 3456
17 4 4439 3043 6068 4400
17 10 2061 1921 4445 3679
17 12 3775 2086 5834 3407
17 12 4532 3079 6033 4114
18 1 2689 1701 4991 2911
18 2 4724 2863 6037 3736
18 3 4913 2933 6239 3699
18 4 3703 1785 5300 2772
18 4 4428 2739 5753 3747
18 10 2503 1947 3968 2904
18 12 3868 2002 5265 2692
18 12 4541 2731 5583 3424
19 6 5042 71 5768 3586
19 7 3183 607 4304 2805
19 8 2970 1186 4113 2321
19 9 4908 864 5892 3396
20 6 5948 2200 6564 2660
20 7 5418 886 6214 1527
20 8 5125 745 5823 1409
20 9 4182 1557 5042 2732
21 1 747 721 3261 1691
21 1 415 2800 2990 4400
21 2 3056 2291 4033 2988
21 3 3297 2407 4325 2981
21 4 2060 843 3525 1652
21 4 2795 2114 3732 2966
21 7 5562 486 6354 1304
21 8 6074 229 6600 1077
21 9 5220 2341 5667 2835
21 10 510 850 2039 1656
21 10 142 3500 1818 4400
21 12 2265 1136 3575 1602
21 12 2897 2100 3682 2575
22 1 4430 523 6015 1527
22 1 4581 2868 6413 4400
22 2 2870 2057 3638 2677
22 3 2642 2179 3458 2702
22 4 4163 721 4652 1441
22 4 3406 1909 3938 2759
22 7 477 27 1097 891
22 8 127 1 592 704
22 9 1065 2061 1458 2547
22 10 5633 870 6274 1459
22 10 5974 3750 6597 4359
22 12 4140 998 4474 1359
22 12 3481 1950 3833 2352
23 5 339 3447 1097 4400
23 11 249 3683 1087 4389
24 5 845 1723 1411 2709
24 11 782 1807 1433 2592
25 5 2745 2569 3268 3564
25 6 1233 2369 2463 3041
25 7 45 395 840 1393
25 8 563 323 1268 1257
25 11 2690 2829 3332 3488
26 5 2418 3758 2984 4341
26 6 1641 3730 2163 4084
26 7 1031 2535 1726 3108
26 8 1252 2378 1932 3027
26 11 2381 3929 2953 4330
27 1 1158 1236 3003 2118
27 1 1099 2655 2821 4155
27 2 2862 2304 3782 2956
27 3 3032 2382 3901 2938
27 4 2066 1327 3232 2100
27 4 2616 2145 3565 3007
27 6 5917 2186 6574 2657
27 7 4739 975 5294 1621
27 8 5099 832 5546 1479
27 9 4567 2304 4979 2741
27 10 986 1360 2118 2121
27 10 890 3293 1917 4143
27 12 2219 1514 3246 2029
27 12 2682 2168 3456 2714
28 1 4110 1591 5622 2436
28 1 4306 3259 5838 4400
28 2 3006 2623 3869 3288
28 3 2856 2714 3729 3300
28 4 3895 1663 4690 2323
28 4 3310 2518 4119 3195
28 6 79 2593 743 2995
28 7 1379 1341 1959 1995
28 8 1142 1198 1581 1800
28 9 1806 2723 2163 3186
28 10 4947 1695 5814 2354
28 10 5143 3809 6019 4400
28 12 3914 1870 4554 2275
28 12 3402 2536 4024 2988
29 5 3025 2416 3763 3440
29 6 4068 2143 5265 2895
29 7 5546 116 6540 1293
29 8 5139 11 5999 1121
30 5 277 3604 1053 4400
30 7 5139 2617 6552 3688
30 8 4895 2481 6283 3504
30 11 254 3879 1093 4370
31 5 4788 940 5348 2212
32 8 38 2847 524 3593
33 5 5564 3279 6160 4028
33 6 372 3477 929 4192
33 7 484 2240 1309 3155
33 8 886 2096 1502 2987
33 9 1358 3317 1844 4087
34 5 5577 2500 6307 3300
34 6 1 2209 540 2645
34 7 412 863 1087 1573
34 8 895 759 1371 1473
34 9 1586 2277 1994 2738
35 5 3197 2536 3630 3160
35 6 4061 2411 4674 2804
35 7 4990 979 5545 1641
35 8 4701 823 5175 1531
35 9 5706 2277 6067 2690
36 1 4035 516 5997 1486
36 1 4262 2741 6380 4400
36 2 3532 2377 4524 3120
36 3 3318 2382 4260 3111
36 4 3790 636 4715 1452
36 4 3579 1900 4429 2811
36 5 3065 2366 3456 3375
36 6 1329 2060 2270 2834
36 7 1204 154 1851 1170
36 8 889 2 1356 911
36 10 5312 723 6280 1429
36 10 5563 3695 6600 4357
36 12 3771 932 4560 1457
36 12 3732 1904 4329 2484
37 1 2373 1 5025 1182
37 1 2451 1704 4818 4064
37 2 4898 982 6401 2102
37 3 5138 1082 6600 2073
37 4 3625 1 5325 909
37 4 4539 859 5920 2093
37 10 2142 123 3639 1145
37 10 2223 2871 3661 3886
37 12 3878 114 5325 832
37 12 4675 995 5790 1743
38 5 2904 2467 3294 3186
38 6 594 2282 2639 2804
38 7 958 895 1618 1714
38 8 1354 850 1954 1614
38 9 478 2245 2144 2702
38 11 2898 2616 3320 3129
39 5 5597 2429 6126 3354
39 6 1 2238 689 2664
39 7 403 761 1128 1595
39 8 822 720 1390 1482
39 9 1642 2240 2025 2768
39 11 5561 2605 6212 3314
40 5 2479 3632 2944 4335
40 6 1607 3573 2128 4106
40 7 1090 2448 1692 3135
40 8 1275 2229 1915 2982
40 9 664 3678 1104 4169
40 11 2452 3820 2971 4282
41 1 1860 1871 3734 3343
41 2 320 888 1106 1702
41 3 38 979 946 1723
41 4 689 829 1611 1675
41 10 3025 1 3947 564
41 10 3132 2614 3962 3423
41 12 1339 4 2206 325
41 12 857 870 1539 1300
42 1 2495 1 4616 1114
42 1 2572 1832 4658 3995
42 2 4607 1564 5696 2232
42 3 4822 1568 5932 2205
42 4 3777 1 4852 929
42 4 4531 1100 5661 1979
42 5 5718 1554 6243 2337
42 10 2290 147 3438 1136
42 10 2339 2960 3379 3900
42 11 5725 1742 6243 2262
42 12 3989 164 4834 873
42 12 4679 1145 5502 1664
43 1 4465 524 5964 1470
43 1 4642 2871 6261 4202
43 2 2947 2023 3653 2647
43 3 2679 2132 3453 2615
43 4 4160 647 4715 1342
43 4 3279 1827 3976 2623
43 7 534 84 1124 829
43 9 1193 2083 1433 2468
43 10 5620 751 6238 1416
43 10 5920 3677 6600 4288
43 12 4165 924 4497 1238
43 12 3447 1832 3879 2241
