1 1 2654 1729 5490 3164
1 2 4776 3326 5996 4359
1 3 4912 3380 6211 4303
1 4 3884 1757 5758 3009
1 4 4728 2982 5939 3973
1 5 5607 3340 6446 4400
1 10 2427 1993 4445 3141
1 11 5588 3536 6546 4400
1 12 4136 2129 5775 2918
1 12 4829 3004 5875 3695
2 1 2960 1871 4739 3315
2 2 4869 1482 5592 2038
2 3 5088 1500 5774 2025
2 4 4860 1009 5502 1757
2 5 5432 1491 6193 2279
2 10 2838 114 3589 604
2 10 2706 2807 3525 3414
2 11 5339 1718 6224 2279
2 12 4606 104 5218 350
2 12 4992 1054 5333 1414
3 1 765 799 3254 1643
3 1 433 2785 2961 4400
3 2 2270 2549 3589 3266
3 3 2483 2607 3818 3252
3 4 2033 857 3575 1609
3 4 2333 2157 3568 3007
3 5 3025 2416 4032 3564
3 6 4068 2143 5420 3041
3 7 4922 116 6555 1393
3 8 5139 11 6037 1257
3 10 529 914 2018 1629
3 10 115 3550 1739 4400
3 11 3268 2829 4089 3488
3 12 2206 1200 3575 1597
3 12 2433 2000 3689 2657
4 7 5742 2748 6558 3718
4 8 5415 2556 6299 3532
5 7 4867 2965 5305 3531
5 8 4661 2813 5101 3395
6 5 4701 1971 5600 3930
6 6 5647 2027 6600 3410
7 8 0 14 768 1086
7 9 917 2086 1596 2910
8 1 1139 1164 3310 2128
8 1 1048 2564 3046 4164
8 2 2538 2396 3514 3014
8 3 2700 2479 3661 3021
8 4 2017 1207 3482 2032
8 4 2526 2114 3489 2829
8 5 3197 2443 3796 3186
8 6 3961 2282 6006 2804
8 7 4240 895 5642 1714
8 8 4575 782 5246 1614
8 9 4456 2110 6204 2702
8 10 945 1221 2389 2093
8 10 872 3114 2175 4160
8 11 3239 2616 3844 3129
8 12 2195 1464 3475 2000
8 12 2610 2071 3489 2621
9 5 936 1864 1574 2882
9 6 15 1829 832 2873
9 11 847 1993 1579 2707
10 1 1917 1775 3710 2832
10 2 1097 3634 1962 4264
10 3 879 3693 1726 4268
10 4 1630 1861 2374 2668
10 4 1124 3034 1986 3984
10 5 312 3625 957 4400
10 10 3203 2134 3997 2768
10 12 1617 2143 2193 2593
10 12 1324 3043 1868 3641
11 1 2258 1602 3915 3003
11 2 1330 3153 2200 3861
11 3 1144 3215 2000 3828
11 4 1986 1675 2908 2713
11 4 1385 2695 2237 3600
11 5 831 3175 1337 4007
11 10 3124 1925 4087 2860
11 12 2004 1925 2746 2647
11 12 1550 2673 2169 3329
12 1 4129 1507 5633 2438
12 1 4306 3063 5845 4400
12 2 3493 2843 4223 3402
12 3 3346 2916 4056 3379
12 4 3879 1588 4709 2344
12 4 3529 2411 4231 3184
12 5 3120 2911 3488 3550
12 6 1947 2720 2620 3161
12 7 1870 1311 2467 2104
12 8 1611 1157 2088 1875
12 9 662 2557 1041 3029
12 10 4897 1661 5805 2324
12 10 5093 3716 6019 4400
12 12 3947 1784 4558 2314
12 12 3606 2452 4152 2977
13 1 1933 2559 3676 3760
13 4 1655 2665 2582 3545
13 4 1028 3769 1918 4400
13 10 2868 2837 3867 3662
13 12 1687 2913 2462 3462
13 12 1149 3786 1798 4217
14 6 4351 3986 4943 4400
14 7 4895 2865 5457 3494
14 8 4644 2715 5238 3351
15 6 5089 3886 5732 4400
15 7 5732 2532 6360 3464
15 8 5454 2304 6010 3327
16 1 2304 1700 5511 3765
16 2 4483 3257 6457 4400
16 3 4723 3341 6600 4400
16 4 3589 1721 5745 3456
16 4 4439 3043 6068 4400
16 10 2061 1921 4445 3679
16 12 3775 2086 5834 3407
16 12 4532 3079 6033 4114
17 1 2689 1701 4991 2911
17 2 4724 2863 6037 3736
17 3 4913 2933 6239 3699
17 4 3703 1785 5300 2772
17 4 4428 2739 5753 3747
17 10 2503 1947 3968 2904
17 12 3868 2002 5265 2692
17 12 4541 2731 5583 3424
18 6 5042 71 5768 3586
18 7 3183 607 4304 2805
18 8 2970 1186 4113 2321
18 9 4908 864 5892 3396
19 5 293 2429 1023 3354
19 6 5911 2200 6599 2664
19 7 5418 761 6214 1595
19 8 5125 720 5823 1482
19 9 4182 1557 5042 2768
19 11 388 2605 1039 3314
20 1 747 721 3261 1691
20 1 415 2800 2990 4400
20 2 3056 2291 4033 2988
20 3 3297 2407 4325 2981
20 4 2060 843 3525 1652
20 4 2795 2114 3732 2966
20 7 5562 486 6354 1304
20 8 6074 229 6600 1077
20 9 5220 2341 5667 2835
20 10 510 850 2039 1656
20 10 142 3500 1818 4400
20 12 2265 1136 3575 1602
20 12 2897 2100 3682 2575
21 1 4430 523 6015 1527
21 1 4581 2868 6413 4400
21 2 2870 2057 3638 2677
21 3 2642 2179 3458 2702
21 4 4163 721 4652 1441
21 4 3406 1909 3938 2759
21 7 477 27 1097 891
21 8 127 1 592 704
21 9 1065 2061 1458 2547
21 10 5633 870 6274 1459
21 10 5974 3750 6597 4359
21 12 4140 998 4474 1359
21 12 3481 1950 3833 2352
22 5 339 3447 1097 4400
22 11 249 3683 1087 4389
23 5 845 1723 1411 2709
23 11 782 1807 1433 2592
24 5 2418 3632 2984 4341
24 6 1607 3573 2163 4106
24 7 1031 2448 1726 3135
24 8 1252 2229 1932 3027
24 9 664 3678 1104 4169
24 11 2381 3820 2971 4330
25 1 1158 1236 3003 2118
25 1 1099 2655 2821 4155
25 2 2862 2304 3782 2956
25 3 3032 2382 3901 2938
25 4 2066 1327 3232 2100
25 4 2616 2145 3565 3007
25 6 5917 2186 6574 2657
25 7 4739 975 5294 1621
25 8 5099 832 5546 1479
25 9 4567 2304 4979 2741
25 10 986 1360 2118 2121
25 10 890 3293 1917 4143
25 12 2219 1514 3246 2029
25 12 2682 2168 3456 2714
26 1 4110 1591 5622 2436
26 1 4306 3259 5838 4400
26 2 3006 2623 3869 3288
26 3 2856 2714 3729 3300
26 4 3895 1663 4690 2323
26 4 3310 2518 4119 3195
26 6 79 2593 743 2995
26 7 1379 1341 1959 1995
26 8 1142 1198 1581 1800
26 9 1806 2723 2163 3186
26 10 4947 1695 5814 2354
26 10 5143 3809 6019 4400
26 12 3914 1870 4554 2275
26 12 3402 2536 4024 2988
27 5 277 3604 1053 4400
27 7 5139 2617 6552 3688
27 8 4895 2481 6283 3504
27 11 254 3879 1093 4370
28 5 4788 940 5348 2212
29 8 38 2847 524 3593
30 5 5564 3279 6160 4028
30 6 372 3477 929 4192
30 7 484 2240 1309 3155
30 8 886 2096 1502 2987
30 9 1358 3317 1844 4087
31 1 4035 516 5997 1486
31 1 4262 2741 6380 4400
31 2 3532 2377 4524 3120
31 3 3318 2382 4260 3111
31 4 3790 636 4715 1452
31 4 3579 1900 4429 2811
31 5 3065 2366 3456 3375
31 6 1329 2060 2270 2834
31 7 1204 154 1851 1170
31 8 889 2 1356 911
31 10 5312 723 6280 1429
31 10 5563 3695 6600 4357
31 12 3771 932 4560 1457
31 12 3732 1904 4329 2484
32 1 2373 1 5025 1182
32 1 2451 1704 4818 4064
32 2 4898 982 6401 2102
32 3 5138 1082 6600 2073
32 4 3625 1 5325 909
32 4 4539 859 5920 2093
32 10 2142 123 3639 1145
32 10 2223 2871 3661 3886
32 12 3878 114 5325 832
32 12 4675 995 5790 1743
33 1 1860 1871 3734 3343
33 2 320 888 1106 1702
33 3 38 979 946 1723
33 4 689 829 1611 1675
33 10 3025 1 3947 564
33 10 3132 2614 3962 3423
33 12 1339 4 2206 325
33 12 857 870 1539 1300
34 1 2495 1 4616 1114
34 1 2572 1832 4658 3995
34 2 4607 1564 5696 2232
34 3 4822 1568 5932 2205
34 4 3777 1 4852 929
34 4 4531 1100 5661 1979
34 5 5718 1554 6243 2337
34 10 2290 147 3438 1136
34 10 2339 2960 3379 3900
34 11 5725 1742 6243 2262
34 12 3989 164 4834 873
34 12 4679 1145 5502 1664
35 1 4465 524 5964 1470
35 1 4642 2871 6261 4202
35 2 2947 2023 3653 2647
35 3 2679 2132 3453 2615
35 4 4160 647 4715 1342
35 4 3279 1827 3976 2623
35 7 534 84 1124 829
35 9 1193 2083 1433 2468
35 10 5620 751 6238 1416
35 10 5920 3677 6600 4288
35 12 4165 924 4497 1238
35 12 3447 1832 3879 2241
